1|0|0|1|0|Автомобили||0|0|0|avtomobili||
2|0|0|1|0|Бизнес и финансы||0|0|0|biznes_i_finansy||
3|0|0|1|0|Домашний очаг||0|0|0|domashnij_ochag||
4|0|0|1|0|Интернет||0|0|0|internet||
5|0|0|1|0|Компьютеры||0|0|0|kompjutery||
6|0|0|1|0|Культура и искусство||0|0|0|kultura_i_iskusstvo||
7|0|0|1|0|Медицина и здоровье||0|0|0|medicina_i_zdorove||
8|0|0|1|0|Наука и образование||0|0|0|nauka_i_obrazovanie||
9|0|0|1|0|Непознанное||0|0|0|nepoznannoe||
10|0|0|1|0|Новости и СМИ||0|0|0|novosti_i_smi||
11|0|0|1|0|Общество и политика||0|0|0|obshhestvo_i_politika||
12|0|0|1|0|Отдых и развлечения||0|0|0|otdykh_i_razvlechenija||
13|0|0|1|0|Производство||0|0|0|proizvodstvo||
14|0|0|1|0|Работа и заработок||0|0|0|rabota_i_zarabotok||
15|0|0|1|0|Спорт||0|0|0|sport||
16|0|0|1|0|Справки||0|0|0|spravki||
17|0|0|1|0|Товары и услуги||0|0|0|tovary_i_uslugi||
18|0|0|1|0|Юмор||0|0|0|jumor||
