1|624394049|0||2020-05-13|Діана|508884071|0|0
2|779544991|0||2020-05-14|печать на футболке|711947548|0|0
3|3277365111|0||2020-05-19|тайная вечеря|1641755358|0|0
4|3277365111|0||2020-05-19|вечеря|170758886|0|0
5|1565022904|0||2020-05-26|л-810|3238246039|0|2
6|1565022904|0||2020-05-26|820|2516748305|0|1
7|1565022904|0||2020-05-26|821|369264784|0|1
8|1565022904|0||2020-05-26|837|369266709|0|1
9|1565022904|0||2020-05-26|838|2516750485|0|1
10|1565022904|0||2020-05-26|841|369266832|0|1
11|1565022904|0||2020-05-26|72|388009096|0|12
12|1565022904|0||2020-05-26|827|369265685|0|1
13|1565022904|0||2020-05-26|f3|482381960|0|2
14|1565022904|1|radius|2020-05-27|820|2516748305|0|1
15|1565022904|1|radius|2020-05-27|837|369266709|0|1
16|3251271331|0||2020-05-28|подушка пошистік|2915140813|0|0
17|3556867213|0||2020-06-01|рамки|962045700|0|0
18|1565022904|0||2020-06-03|151|392338577|0|2
19|1565022904|0||2020-06-03|96|392207496|0|9
20|1565022904|0||2020-06-03|k-96|2412943572|0|9
21|3249558557|0||2020-06-03|футболки|3921959163|0|6
22|3111514869|0||2020-06-03|диплом|1443734385|0|0
23|1588842854|0||2020-06-08|Кружка хамелеон|76753950|0|3
24|1297673861|0||2020-06-11|деловой портрет|2716807681|0|0
25|1565022904|1|radius|2020-06-19|876|2518852626|0|1
26|782536790|0||2020-06-22|блокнот|1834445080|0|0
27|3261837949|0||2020-06-23|фото на документы|3455271361|0|0
28|2955214803|0||2020-06-24|чашки|964018569|0|0
29|1565130180|0||2020-06-24|фото на памятник|89046349|0|0
30|3249558531|0||2020-07-02|футболки|3921959163|0|6
31|2155665758|0||2020-07-04|проявка|2354812086|0|0
32|3257694917|0||2020-07-06|фотокерамика|786630639|0|0
33|624530142|0||2020-07-06|кружка сыну|4176780988|0|0
34|624530142|0||2020-07-06|кружка сыну|4176780988|15|0
35|775895581|0||2020-07-07|чашка хамелеон|1694895922|0|1
36|3106328846|0||2020-07-09|уголки|1185751982|0|0
37|1565126357|0||2020-07-10|наталья|301178261|0|0
38|1565126357|0||2020-07-10|наташа|4008658140|0|0
39|1565126357|0||2020-07-10|алексей|2713139101|0|1
40|1299183541|0||2020-07-10|кружки|479704096|0|154
41|1299183541|0||2020-07-10|хамелеон|1565511782|0|5
42|1299183541|0||2020-07-10|упаковка|755944564|0|0
43|1299183541|0||2020-07-10|упаковка|755944564|70|0
44|1299183541|0||2020-07-10|подушки|1363789555|0|5
45|3117257619|0||2020-07-13|чашка ко дню бухгалтера|3347061641|0|0
46|3117257619|0||2020-07-13|чашка ко дню бухгалтера|3347061641|38|0
47|1807069575|0||2020-07-14|холст|4234012233|0|63
48|3164820034|0||2020-07-14|папа|2608858615|0|10
49|3164820034|0||2020-07-14|папа|2608858615|75|6
50|3279065529|0||2020-07-18|хамелеон кружка|4230504625|0|3
51|780504533|0||2020-07-19|слайд|211070054|0|0
52|1565022904|0||2020-07-20|508|2548204692|0|1
53|1565022904|0||2020-07-20|5287|2218978517|0|0
54|1565022904|0||2020-07-20|528|2548206740|0|1
55|1565022904|0||2020-07-20|530|2548208656|0|1
56|1565022904|0||2020-07-21|530|2548208656|0|1
57|625592106|0||2020-07-22|флаг|1511142050|0|1
58|635814168|0||2020-07-27|BIG (черный) 425 мл|2653200134|0|0
59|635814168|0||2020-07-27|BIG (черный) 425 мл|2653200134|50|0
60|3257678853|0||2020-07-29|Rockway|1609719823|0|0
61|3257678853|0||2020-07-29|Roly|216261758|0|0
62|1842333626|0||2020-07-29|проявка|2354812086|0|0
63|1842333626|0||2020-07-29|проявление|3107333778|0|0
64|3585338752|0||2020-07-30|ПАПЕ|2558558446|0|0
65|1360962037|0||2020-07-30|ДЛЯ КУМИ|2851905551|0|2
66|2995120286|0||2020-08-01|коллаж|3420920114|0|118
67|782540235|0||2020-08-03|соник|1623042372|0|0
68|1565022904|1|radius|2020-08-06|861|369268880|0|2
69|1565022904|1|radius|2020-08-06|g6|488676489|0|0
70|1565022904|1|radius|2020-08-06|п6|2334213138|0|7
71|1565083055|0||2020-08-07|пленка|2533290420|0|0
72|625588061|0||2020-08-13|багет|1710555267|0|0
73|1604601969|0||2020-08-13|визитки|3154145616|0|0
74|1604601969|0||2020-08-13|визит|4233980232|0|0
75|3580789662|0||2020-08-13|сьо|1527950979|0|0
76|100204431|0||2020-08-16|альбом|242531171|0|0
77|100204431|0||2020-08-16|альбомы|1127322431|0|0
78|3164817902|0||2020-08-16|таблички|4211473045|0|0
79|3272091901|0||2020-08-17|густав|3612983657|0|0
80|2995342471|0||2020-08-20|кружки для влюблених|2830730135|0|0
81|2995342471|0||2020-08-20|кружки для влюблених|2830730135|49|0
82|1045479266|0||2020-08-21|ламинирование|2312168365|0|0
83|2995108313|0||2020-08-27|шрифты|2576198747|0|0
84|3258777159|0||2020-08-28|магнит|799511419|0|3
85|1565022904|0||2020-08-31|k 908|2276627033|0|0
86|1595953572|0||2020-08-31|casio|2200128766|0|0
87|1565022904|0||2020-09-09|тест|43614063|0|0
88|1565022904|0||2020-09-09|test|148093170|0|0
89|1332641917|0||2020-09-10|Кружка Rammstein|923162278|0|0
90|1565094702|0||2020-09-16|Фотокерамика|3484195207|0|0
91|1503840522|0||2020-09-17|отзывы|1745173814|0|0
92|780471662|0||2020-09-24|шампанское|1922087478|0|0
93|780471662|0||2020-09-24|бутылка|764223580|0|0
94|2992495914|0||2020-09-26|фото на памятник|89046349|0|0
95|3558509010|0||2020-09-28|подушка муж|1498489962|0|3
96|3558509010|0||2020-09-28|подушка папа|3258227439|0|1
97|3642012641|0||2020-09-28|чашки с надписями|3960009369|0|0
98|1565022904|0||2020-09-28|623|398624914|0|1
99|3558510298|0||2020-09-29|альбом книга|4168072242|0|0
100|2783039156|0||2020-09-29|репродукция|2672568377|0|0
101|2955197402|0||2020-10-04|грин|1368112873|0|0
102|2955197402|0||2020-10-04|green|39024246|0|0
103|2955316599|0||2020-10-05|грин карта|4079664516|0|0
104|3244145052|0||2020-10-07|рамка|2639758244|0|24
105|3166592381|0||2020-10-08|Академия амбрелла|2368737344|0|0
106|3166592381|0||2020-10-08|Академия амбрелла|2368737344|65|0
107|1565095240|0||2020-10-10|Подушками надпис Ом Денис|2379632792|0|0
108|2192888884|0||2020-10-10|зацка|488056810|0|0
109|2192888884|0||2020-10-10|cupid|50427516|0|0
110|1565022904|0||2020-10-12|k150|2408770642|0|0
111|1565022904|0||2020-10-12|k-150|2280700637|0|4
112|2989914752|0||2020-10-15|знайти фото|3793182576|0|0
113|2989914752|0||2020-10-15|фото арїів|1723249422|0|0
114|2994511062|0||2020-10-15|дроздович|2721776288|0|0
115|522801039|0||2020-10-18|фотокерамика|3486259591|0|0
116|1593063873|1|radius|2020-10-19|test|148093170|0|0
117|1565022904|0||2020-10-20|893|371371155|0|1
118|2996301091|0||2020-10-20|фото на грин карту|3460133792|0|0
119|2996238924|0||2020-10-22|шаблон|1727882523|0|29
120|3580843129|0||2020-10-25|канада|2719962326|0|0
121|784928881|0||2020-10-26|рядовой|3757245759|0|0
122|1662347425|0||2020-10-27|фото на визу Сша|2514848349|0|0
123|625589102|0||2020-10-28|к 867|3613401332|0|1
124|3261838103|0||2020-10-29|рабочее время|3706622559|0|0
125|1045479423|0||2020-11-05|фоторамка|1161550239|0|7
126|3238059143|0||2020-11-05|Поиск по сайту...|671010925|0|0
127|1045473561|0||2020-11-11|рыженко|1877943643|0|0
128|1045473561|0||2020-11-11|пересвет|1145098931|0|0
129|1541643104|0||2020-11-15|ORDER BY 100|1903100622|0|0
130|786168474|0||2020-11-15|фотоальбом|865762374|0|0
131|3283189238|0||2020-11-22|печать А3|3271655614|0|0
132|1541503898|0||2020-11-26|надя|3283810859|0|0
133|3251230870|0||2020-12-02|ангелина|116980365|0|0
134|3251230870|0||2020-12-02|Жанна|1547091565|0|0
135|3251230870|0||2020-12-02|Светлана|244408596|0|0
136|780521018|0||2020-12-10|чашка хамелеон|1694895922|0|1
137|1592206210|0||2020-12-13|vfuybn|3519184108|0|0
138|1592206210|0||2020-12-13|магнит|799511419|0|3
139|1593063873|1|radius|2020-12-13|к-467|298033693|0|2
140|1565094571|0||2020-12-17|кружка с картинкоой|4178130570|0|0
141|780472882|0||2020-12-18|замена фона|1414104783|0|0
142|1540437923|0||2020-12-18|ENna1:t=XQC@QOeS|1161953559|0|0
143|1540437923|0||2020-12-18|uFBlS8sUtyAH4SsO|899720206|0|0
144|1540437923|0||2020-12-18|L5[HuXOwRXOWKN>>|3379322362|0|0
145|1540437923|0||2020-12-18|<dr`MnGRXuIt&#92;;^i|64300791|0|0
146|1540437923|0||2020-12-18|UhDsWU:QFtlcpA05|3358309478|0|0
147|1540437923|0||2020-12-18|0&#92;EtxqcqMBmY5frg|1679909738|0|0
148|1540437923|0||2020-12-18|6JsJ0sQFNspmU[Ae|3189441106|0|0
149|3322954365|0||2020-12-19|крёстная|1335717967|0|2
150|3322954365|0||2020-12-19|тепло там|3156356453|0|0
151|3322954365|0||2020-12-19|тепло|1899809946|0|0
152|1571447168|0||2020-12-21|хрещений|936639952|0|0
153|1571447168|0||2020-12-21|кум|1539459715|0|12
154|625566253|0||2020-12-21|всесвит|4261639898|0|0
155|3000559036|0||2020-12-22|чашка для бабушки|211734750|0|0
156|1310436179|0||2020-12-22|бык|1264742018|0|0
157|1310436179|0||2020-12-22|бычок|1944939977|0|0
158|3169779932|0||2020-12-23|обесточенных|4122646027|0|0
159|1834955396|0||2020-12-24|к-395|2445408990|0|2
160|2955330903|0||2020-12-24|рамка|2639758244|0|24
161|2955330903|0||2020-12-24|рамка|2639758244|1|0
162|1587437471|0||2020-12-27|новогодние|1317683115|0|0
163|2955303696|0||2020-12-28|3018722278|2444053320|0|0
164|2955303696|0||2020-12-28|елена|3705944239|0|1
165|3564094518|0||2020-12-29|кеме|3404892769|0|0
166|3564094518|0||2020-12-29|куме|1238534881|0|8
167|3564094518|0||2020-12-29|кума|1221717472|0|2
168|95838263|0||2020-12-29|кум|1539459715|0|12
169|2155631856|0||2020-12-29|коллаж|3420920114|0|119
170|3564094518|0||2020-12-29|куму|1090189545|0|0
171|1598237931|0||2020-12-29|фотоальбом|865762374|0|0
172|1571469956|0||2021-01-05|k105|534965457|0|0
173|1571469956|0||2021-01-05|k105|534965457|71|0
174|1592317764|0||2021-01-09|606|2546106387|0|1
175|2960648353|0||2021-01-11|полароид|2751121070|0|0
176|1306428989|0||2021-01-12|море|1247990318|0|3
177|3119816467|0||2021-01-14|кандинский|777779637|0|0
178|1532627909|0||2021-01-14|картины|4072855563|0|0
179|1532627909|0||2021-01-14|картины|4072855563|32|0
180|3645688898|0||2021-01-14|НА ДЕРЕВЕ|2676967184|0|1
181|3119811988|0||2021-01-15|печать|1135013445|0|70
182|3119811988|0||2021-01-15|печать фото|3944489557|0|70
183|2155666722|0||2021-01-25|деловой|502372276|0|0
184|2155666722|0||2021-01-25|портрет|3988343701|0|0
185|1509507350|0||2021-01-29|резюме|4145862216|0|0
186|2155647103|0||2021-01-29|проявка|2354812086|0|0
187|1505296419|0||2021-02-01|календарь|3212945304|0|2
188|1505296419|0||2021-02-01|календарь настольный|2543154929|0|0
189|782534678|0||2021-02-02|ффотопленка|1819025409|0|0
190|625543809|0||2021-02-02|гашенко|3965694228|0|0
191|763650015|0||2021-02-05|соломия|2371670452|0|0
192|763650015|0||2021-02-05|соломія|2087698571|0|0
193|1604602150|0||2021-02-05|рамка|2639758244|0|24
194|1540755781|0||2021-02-08|фотоальбом|865762374|0|0
195|1540755781|0||2021-02-08|фотоальбом|865762374|65|0
196|3580793633|0||2021-02-10|Белая чашка BIG 425 мл|2759826173|0|0
197|1565114182|0||2021-02-11|холст|4234012233|0|64
198|1580028071|0||2021-02-15|сумка|235376420|0|0
199|1503849938|0||2021-02-16|альбом|242531171|0|0
200|3558509082|0||2021-02-24|бабуля|2332140713|0|1
201|3558509082|0||2021-02-24|бабушка|1250037432|0|5
202|3558509082|0||2021-02-24|по главной|1144587882|0|0
203|1565022904|0||2021-02-25|Поиск по сайту...|671010925|0|0
204|1565022904|0||2021-02-26|к 860|1090643088|0|0
205|1565022904|0||2021-02-26|к860|4385497|0|0
206|1592317782|0||2021-02-28|диплом|1443734385|0|0
207|3345339393|0||2021-02-28|увеличение фото|698386970|0|0
208|1565022904|0||2021-03-02|314|2544012306|0|2
209|2992557831|0||2021-03-16|фото на подушке|2415995830|0|0
210|2955229557|0||2021-03-19|табличка|3523605297|0|0
211|2996285042|0||2021-03-23|этикетки на шампанское|498035726|0|0
212|2996266717|0||2021-03-24|капитан за турвалом|754635741|0|0
213|2996266717|0||2021-03-24|капитан за турвалом|754635741|58|0
214|1565022904|0||2021-03-29|33|379621513|0|45
215|1565022904|0||2021-03-29|кh33|275817713|0|0
216|1565022904|0||2021-03-29|kh33|2680389715|0|1
217|3584070282|0||2021-03-30|печать на футболке|711947548|0|0
218|3256666089|0||2021-04-01|моне|2321732137|0|0
219|3117583940|0||2021-04-06|женская одежда|2235119168|0|0
220|3117583940|0||2021-04-06|одежда|2724135060|0|0
221|625551000|0||2021-04-06|шрифты|2576198747|0|0
222|625551000|0||2021-04-06|шрифт|2929655041|0|0
223|1839798092|0||2021-04-06|роквелл|3759001223|0|0
224|1839798092|0||2021-04-06|хоппер|665323503|0|0
225|1565022904|0||2021-04-10|9638|366147794|0|0
226|1565022904|0||2021-04-10|092-5|2647827676|0|1
227|1565023967|0||2021-04-12|фото со слайдов|73621732|0|0
228|1565000004|0||2021-04-17|цены|196296872|0|0
229|3273278210|0||2021-04-19|фото на памятник|89046349|0|0
230|2959347487|0||2021-04-19|ритуальные|1321331979|0|0
231|2959347487|0||2021-04-19|керамика|2344475212|0|0
232|533364330|0||2021-04-20|табличка|3523605297|0|0
233|1406856188|0||2021-04-22|учитель|835660877|0|0
234|1406856188|0||2021-04-22|вчитель|833613901|0|0
235|100190103|0||2021-04-27|артина Kiss Black|2503159237|0|0
236|1045474837|0||2021-04-27|дакимакура|303760547|0|0
237|2155629662|0||2021-05-06|слайд|211070054|0|0
238|1565022904|1|radius|2021-05-12|837|369266709|0|2
239|1565022904|1|radius|2021-05-12|к 1022|2568723569|0|1
240|136983310|0||2021-05-12|6470|2230514901|0|0
241|1565022904|1|radius|2021-05-20|964|2523043859|0|0
242|787017586|0||2021-05-20|деловой|502372276|0|0
243|1565022904|1|radius|2021-05-21|младший братик|1579923007|0|1
244|772283497|0||2021-05-23|ботичелли|1196199114|0|0
245|1598243050|0||2021-05-25|вера, надежда,любовь|2806908774|0|0
246|1598243050|0||2021-05-25|вера, надежда,любовь|2806908774|79|0
247|2995080419|0||2021-05-26|коробочка|3392946177|0|3
248|2995080419|0||2021-05-26|коробка|455897981|0|0
249|2783039267|0||2021-05-26|хамелеон|1565511782|0|5
250|2783039267|0||2021-05-26|хамелеон|1565511782|40|0
251|2783039267|0||2021-05-26|хамелеон|1565511782|53|0
252|1565022904|1|radius|2021-05-28|м 55|273725525|0|21
253|1494446232|0||2021-05-29|ритуальные|1321331979|0|0
254|1565022904|1|radius|2021-05-31|m 60|265461970|0|36
255|1592317764|0||2021-06-02|фотопленка|542739357|0|0
256|100145105|0||2021-06-07|чашка хамелеон|1694895922|0|1
257|1388406297|0||2021-06-09|художественная|1220099552|0|0
258|1481764170|0||2021-06-10|фото на бутылку|260335008|0|0
259|1481764170|0||2021-06-10|фото на бутылку|260335008|65|0
260|2959699182|0||2021-06-10|тато|1407845158|0|3
261|2955341334|0||2021-06-10|ОЦИФРОВКА|211328686|0|0
262|3257671550|0||2021-06-11|тато|1407845158|0|3
263|1486556803|0||2021-06-17|шрифт|2929655041|0|0
264|1486556803|0||2021-06-17|полароид|2751121070|0|0
265|1486556803|0||2021-06-17|polaroid|3470882120|0|0
266|1604443427|0||2021-06-17|Таблички на памятники|1607650294|0|0
267|1604443427|0||2021-06-17|124|2539816978|0|5
268|1565022904|1|radius|2021-06-21|k-69|2399312978|0|14
269|1565022904|1|radius|2021-06-21|69|383821961|0|14
270|1565022904|1|radius|2021-06-21|Л 69|273818709|0|14
271|1565022904|1|radius|2021-06-21|K 69|2334302290|0|14
272|1565022904|1|radius|2021-06-21|k 69|2401411154|0|14
273|3564369458|0||2021-06-24|пленка|2533290420|0|0
274|95811810|0||2021-06-25|живые|2281704034|0|0
275|95811810|0||2021-06-25|цветы|1141039398|0|1
276|2960237792|0||2021-07-09|керамогранит|3838057021|0|0
277|2955221885|0||2021-07-22|фоторамки|1159547323|0|0
278|2955221885|0||2021-07-22|фото рамка|1842043007|0|23
279|1604194003|0||2021-07-23|Савкин Афанасий Иванович|1177798753|0|0
280|95811810|0||2021-07-26|пригласительные|2287019785|0|0
281|100189378|0||2021-07-29|Черно-белая|300573383|0|0
282|95811810|0||2021-08-03|бутылк|3780882369|0|0
283|95811810|0||2021-08-03|шампанск|4100364987|0|0
284|1565022904|0||2021-08-05|к-147|28550685|0|4
285|522948102|0||2021-08-16|ритуальная табличка|4013137048|0|0
286|95811810|0||2021-08-20|пенсионный|2189128977|0|0
287|95811810|0||2021-08-20|пригласительные|2287019785|0|0
288|1540045964|0||2021-08-22|gay|470010933|0|0
289|1365226627|0||2021-08-25|цветная печать|19343146|0|0
290|785598487|0||2021-09-02|нури|1090040102|0|0
291|785596159|0||2021-09-08|детские|1406709756|0|0
292|1486573772|0||2021-09-09|лол|410130123|0|0
293|1486573772|0||2021-09-09|lol|2627962046|0|1
294|1440731410|0||2021-09-16|аленка|2531210676|0|0
295|1440731410|0||2021-09-16|бутылка|764223580|0|0
296|95811810|0||2021-09-17|шампанское|1922087478|0|0
297|1541032487|0||2021-09-21|рамка|2639758244|0|24
298|1541032487|0||2021-09-21|альбом|242531171|0|0
299|1541032487|0||2021-09-21|фотоальбом|865762374|0|0
300|2955188215|0||2021-09-22|лотерею|798543647|0|0
301|2955188215|0||2021-09-22|карт|3534348199|0|155
302|2955188215|0||2021-09-22|грин|1368112873|0|0
303|3286912273|0||2021-09-22|raid|152284284|0|0
304|1045476597|0||2021-09-24|хамелеон|1565511782|0|5
305|3562684092|0||2021-09-26|диск|2198511598|0|0
306|95811810|0||2021-09-27|упаковка|755944564|0|0
307|1565022904|0||2021-09-30|kh65|535003346|0|1
308|1565022904|0||2021-10-01|kh65|535003346|0|1
309|1486575924|0||2021-10-04|батарейка|1698726569|0|0
310|3257671474|0||2021-10-06|таблички на могилі|1617032257|0|0
311|3584069522|0||2021-10-07|кум|1539459715|0|12
312|1560137204|0||2021-10-07|я тут главный|1763927105|0|0
313|1565117430|0||2021-10-14|керамогранит|3838057021|0|0
314|1565117430|0||2021-10-14|керамогранит|3838057021|66|0
315|1565117430|0||2021-10-14|таблички|4211473045|0|0
316|1565117430|0||2021-10-14|керамог|845886609|0|0
317|1565117430|0||2021-10-14|керам|828130754|0|41
318|1539597662|0||2021-10-18|фотоальбом|865762374|0|0
319|95811810|0||2021-10-18|виза|186748329|0|0
320|95811810|0||2021-10-18|США|1496329417|0|0
321|95811810|0||2021-10-18|пенсионный|2189128977|0|0
322|1450137660|0||2021-10-19|найкращий|3818111135|0|5
323|1450137660|0||2021-10-19|найкращий кум|3693721134|0|0
324|1450137660|0||2021-10-19|к818|64217|0|0
325|1450137660|0||2021-10-19|кум|1539459715|0|12
326|1565054776|0||2021-10-22|ламинация|4206074718|0|0
327|1565054776|0||2021-10-22|ламинирование|2312168365|0|0
328|2955199604|0||2021-10-25|ФОТО|3242786222|0|541
329|1568561008|0||2021-10-27|наклейка|2338059216|0|0
330|1568561008|0||2021-10-27|этикетки|809007572|0|0
331|1568561008|0||2021-10-27|Этикетки на шампанское|500165646|0|0
332|3168193319|0||2021-11-02|kodak|2190556407|0|1
333|1540053870|0||2021-11-04|позняки|3901660828|0|0
334|3000352704|0||2021-11-11|хамелеон|1565511782|0|5
335|3231871493|0||2021-11-12|Фото на памятник|86916429|0|0
336|1845187852|0||2021-11-19|r-430|70302303|0|2
337|1592317764|0||2021-11-20|фото на детский загран|1453681332|0|0
338|3164817843|0||2021-11-20|метрика|2737911120|0|6
339|788143089|0||2021-11-20|таня|66604193|0|0
340|788143089|0||2021-11-20|татьяна|3139342603|0|0
341|1565022904|0||2021-11-22|к54|2555430995|0|0
342|1565022904|0||2021-11-22|к 54|273868373|0|20
343|1565022904|0||2021-11-22|к 56|273867349|0|13
344|1565022904|0||2021-11-23|к 56|273867349|0|13
345|3558510322|0||2021-12-02|новогодние шаблоны|2043589272|0|0
346|630395560|0||2021-12-05|календарь|3212945304|0|2
347|1565022904|0||2021-12-06|467|394435604|0|2
348|1565022904|0||2021-12-06|155|392338579|0|2
349|1587215880|0||2021-12-08|визитка|4144640338|0|0
350|1542185545|0||2021-12-14|новогодние|1317683115|0|0
351|3109327972|0||2021-12-14|Этикетки на шампанское|500165646|0|0
352|3109327972|0||2021-12-14|Этикетки на шампанское|500165646|10|0
353|3272358897|0||2021-12-15|Кружка хамелеон JolyBell|4022328933|0|0
354|2955196796|0||2021-12-15|4.09.2020|1626563093|0|0
355|2955196796|0||2021-12-15|архів|3324931883|0|0
356|2955196796|0||2021-12-15|архів|3324931883|65|0
357|2955216698|0||2021-12-20|фоторамка|1161550239|0|7
358|1565022904|0||2021-12-22|118|2539817108|0|10
359|1540773302|0||2021-12-24|конверті|2445106368|0|0
360|3239286870|0||2021-12-24|Хамелеон|1563381862|0|5
361|522891809|0||2021-12-27|чашка|2641749289|0|113
362|522891809|0||2021-12-27|чашка хамелеон|1694895922|0|1
363|522891809|0||2021-12-27|хамелеон|1565511782|0|5
364|1541503489|0||2021-12-27|бабушке|2455828409|0|0
365|3562712310|0||2021-12-28|фото на чашке хамелион|2129285700|0|0
366|1565022904|0||2021-12-30|471|396534929|0|2
367|2959345102|0||2021-12-30|коробочка|3392946177|0|3
368|1593063873|0||2022-01-03|подушка пайетка|2852033911|0|0
369|1593063873|0||2022-01-04|чашка хамелеон|1694895922|0|1
370|2826411411|0||2022-01-10|Пленка|2531226036|0|1
371|3244901994|0||2022-01-10|Пленка|2531226036|0|1
372|1592205770|0||2022-01-18|чашка|2641749289|0|113
373|1592205770|0||2022-01-18|тарелка|1069325917|0|0
374|1592205770|0||2022-01-18|Тарелка|1071390301|0|0
375|1598229396|0||2022-01-24|уголки|1185751982|0|0
376|3000199254|0||2022-01-26|альбом|242531171|0|0
377|778090292|0||2022-02-02|этикетка|423129200|0|0
378|2955192181|0||2022-02-03|резюме|4145862216|0|0
379|3119816589|0||2022-02-09|хамелеон|1565511782|0|5
380|3271898893|0||2022-02-16|отзывы|1745173814|0|0
381|1550890683|0||2022-02-17|семья|1613471044|0|0
382|3108240452|0||2022-02-17|овал|3532378667|0|2
383|3108240452|0||2022-02-17|памятник|1442699358|0|0
384|3108240452|0||2022-02-17|памятник|1442699358|100|0
385|1310389116|0||2022-02-19|наташа|4008658140|0|0
386|1310389116|0||2022-02-19|наталья|301178261|0|0
387|1565022904|0||2022-02-21|137|392335380|0|4
388|1593058784|0||2022-02-21|альбом|242531171|0|0
389|1593058784|0||2022-02-21|фотоальбом|865762374|0|0
390|1565022904|0||2022-02-21|835|369267858|0|1
391|3107459606|0||2022-02-21|блокнот|3350862445|0|0
392|1565022904|0||2022-02-22|835|369267858|0|1
393|1599854466|0||2022-03-18|реставрация|2841004035|0|0
394|2955240520|0||2022-04-21|jdfks|44259446|0|0
395|2955240520|0||2022-04-21|jdfks|44259446|66|0
396|2955240520|0||2022-04-21|jdfks|44259446|1|0
397|2955240520|0||2022-04-21|овалы|2218925807|0|0
398|2955240520|0||2022-04-21|медальоны|1773701555|0|0
399|1306434749|0||2022-05-25|день пограничника|2444129578|0|0
400|3002821614|0||2022-06-02|пожарного|262684965|0|0
401|3002821614|0||2022-06-02|пожар|1027600322|0|0
402|1588739608|0||2022-06-08|данил|4255215944|0|0
403|624338787|0||2022-06-10|супер папа саша|1734190479|0|0
404|95811810|0||2022-06-14|плёнка|2533144509|0|1
405|95811810|0||2022-06-14|оцифровка|1841387695|0|0
406|95811810|0||2022-06-18|коробка|455897981|0|0
407|95811810|0||2022-06-19|м9|186692628|0|1
408|95811810|0||2022-06-24|багет|1710555267|0|0
409|1475551848|0||2022-07-01|виза 3х4|2006867631|0|0
410|1475551848|0||2022-07-01|виза шинген|196853779|0|0
411|2960351565|0||2022-07-05|керамика|2344475212|0|0
412|1565022904|0||2022-07-05|232|2537722897|0|5
413|1565022904|0||2022-07-06|232|2537722897|0|5
414|1540552931|0||2022-07-06|Открытки ручной работы|2643479253|0|0
415|1565022904|0||2022-07-08|992|2520951824|0|1
416|1565190752|0||2022-07-08|наклейки|2723936884|0|0
417|95811810|0||2022-07-20|шампанское|1922087478|0|0
418|1593096535|0||2022-08-05|рам|3369247235|0|67
419|1565022904|0||2022-08-11|228|2537720980|0|2
420|1598251894|0||2022-08-12|Керамиков гранит|868539639|0|0
421|3266816993|0||2022-08-14|хамелеон|1565511782|0|5
422|95811810|0||2022-08-16|бутылке|4117748061|0|0
423|95811810|0||2022-08-16|шампанское|1922087478|0|0
424|95811810|0||2022-08-16|бутылк|3780882369|0|0
425|1565022904|0||2022-08-19|а55|2285953107|0|0
426|1565022904|0||2022-08-19|A55|425893010|0|0
427|1565022904|0||2022-08-19|r 55|2617417811|0|324
428|1565022904|0||2022-08-19|к55|2288044115|0|0
429|1565022904|0||2022-08-19|55|383817865|0|324
430|1565022904|0||2022-08-25|017|386041876|0|2
431|3113708189|0||2022-08-31|открытки|2763113424|0|0
432|3113708189|0||2022-08-31|открытки|2763113424|65|0
433|3113708189|0||2022-08-31|открытки|2763113424|66|0
434|1602665764|0||2022-09-01|мамі|3267072872|0|0
435|1565018521|0||2022-09-04|принт подруге|4150155376|0|0
436|1565018521|0||2022-09-04|кружка подруге|2605511639|0|0
437|1045479423|0||2022-09-17|хомел|2752221704|0|0
438|1486569069|0||2022-09-19|открытки|2763113424|0|0
439|95811810|0||2022-09-26|дети|1140366630|0|2
440|3264397140|0||2022-09-27|грин карт|3590710812|0|0
441|3287471510|0||2022-10-02|' OR 1=1;--|2208999582|0|102
442|3287471510|0||2022-10-02|<script>alert();</script>|3351133385|0|0
443|778207355|0||2022-10-04|кристина|1568449679|0|0
444|1565022904|0||2022-10-26|357|396531732|0|6
445|1565022904|0||2022-10-26|164|2539821074|0|5
446|1565022904|0||2022-11-21|к-672|3253845655|0|1
447|1565176524|0||2022-12-04|календарь|3212945304|0|2
448|2955178296|0||2022-12-05|рядовий поліції|3404079651|0|0
449|2955178296|0||2022-12-05|рядовий|3218302419|0|0
450|1045474593|0||2022-12-05|Кружка з написом хамелеон|882772760|0|0
451|1045474593|0||2022-12-05|син|2555571787|0|0
452|1541514650|0||2022-12-07|пазлы|3294732517|0|0
453|1541514650|0||2022-12-07|пазлы|3294732517|66|0
454|1565022904|0||2022-12-13|к 210|3517165072|0|5
455|1593086233|0||2022-12-17|диплом|1443734385|0|0
456|1596947067|0||2022-12-20|катя|1136176166|0|0
457|1596947067|0||2022-12-20|катерина|1583272001|0|0
458|1565022904|0||2022-12-21|2к|2539734229|0|2
459|1572610614|0||2022-12-24|риэлтор|3029356756|0|0
460|1268667374|0||2022-12-25|Lsmagazine|4035150813|0|0
461|3164817941|0||2022-12-25|котики|3344743136|0|4
462|1565022904|0||2022-12-27|417|394430484|0|1
463|778210624|0||2022-12-27|wot|2651029554|0|0
464|1565022904|0||2022-12-28|1026|70443216|0|1
465|3645755781|0||2022-12-29|my house my rules|163797984|0|0
466|2955332641|0||2023-01-05|печать|1135013445|0|70
467|2955332641|0||2023-01-05|документ|1472029804|0|8
468|1565022904|0||2023-01-16|кант|313122720|0|18
469|2960351510|0||2023-02-04|портрет|3988343701|0|0
470|3164822135|0||2023-02-10|пенсионное|3162332285|0|0
471|3164822135|0||2023-02-10|пенсійне|3985325978|0|0
472|3164822135|0||2023-02-10|Пенсійне|3987390362|0|0
473|3164822135|0||2023-02-10|посвідчення|2735456259|0|0
474|3164822135|0||2023-02-10|удостоверение|3695571834|0|0
475|1053655632|0||2023-02-10|фото хамелеон|1706035020|0|1
476|2955170575|0||2023-02-13|День Святого Валентина|2615310669|0|0
477|1565022904|0||2023-02-15|121-n|498233948|0|6
478|3238058764|0||2023-02-20|кржка хамелеон|1717994493|0|0
479|3584957700|0||2023-02-20|форма|230004203|0|0
480|3584957700|0||2023-02-20|форме|2724199|0|0
481|95811810|0||2023-03-08|холст|4234012233|0|65
482|627254697|0||2023-03-16|Каталог мужской одежды|997310042|0|0
483|627254697|0||2023-03-16|Каталог мужской одежды|997310042|21|0
484|1565140839|0||2023-03-19|хамеліон|3436983159|0|0
485|1565135692|0||2023-03-21|ТАБЛИЧКА НА КРЕСТ|1389068819|0|0
486|2955248438|0||2023-03-23|ОВАЛ З КЕРАМОГРАНІТУ 13Х18 ВА|3495622120|0|0
487|2955248438|0||2023-03-23|ОВАЛ З КЕРАМОГРАНІТУ 13Х18 ВА|3495622120|66|0
488|2955248438|0||2023-03-23|ОВАЛ НА ПАМ1ЯТНИК З КЕРАМОГРАН|1731425595|0|0
489|2955248438|0||2023-03-23|ОВАЛ НА ПАМ'ЯТНИК|2055322614|0|0
490|2955248438|0||2023-03-23|ТАБЛИЧКИ НА ПАМЯТНИК|1214279218|0|0
491|2955248438|0||2023-03-23|ТАБЛИЧКИ НА ПАМЯТНИК|1214279218|66|0
492|2955248438|0||2023-03-23|КЕРАМОГРАНІТ ОВАЛ|2999877780|0|0
493|2955248438|0||2023-03-24|ретушь|650549614|0|0
494|1559520186|0||2023-03-29|рамки|962045700|0|0
495|1559520186|0||2023-03-29|мультирамка|3015480702|0|11
496|3282196640|0||2023-04-01|кераміка|2056178547|0|0
497|1540834530|0||2023-04-07|таблички на хрест з фото|3697505270|0|0
498|1540834530|0||2023-04-07|таблички на хрест з фото|3697505270|66|0
499|1540834530|0||2023-04-07|таблички на памятники и кресты|3095291303|0|0
500|3282196640|0||2023-04-07|проявка|2354812086|0|0
501|3282196640|0||2023-04-08|дерев|2372353643|0|37
502|1565135692|0||2023-04-08|ПОЖЕЛАНИЯ|958996527|0|0
503|1565135692|0||2023-04-08|ЖАЛОБА|3039464473|0|0
504|1565135692|0||2023-04-08|ТАБЛИЧКА НА КРЕСТ|1389068819|0|0
505|1295257846|0||2023-04-17|чашка хамелеон душнила|1879932145|0|0
506|1295257846|0||2023-04-17|чашка душнила|4229560837|0|0
507|1565022904|0||2023-04-20|обл28|3558371820|0|0
508|1565022904|0||2023-04-20|28|375432329|0|26
509|1565022904|0||2023-04-20|140|2539819024|0|7
510|1041236377|0||2023-04-20|на памятник|1940914699|0|0
511|1041236377|0||2023-04-20|ритуальные таблички|3145181324|0|0
512|3584069266|0||2023-04-21|футбол|2642688498|0|438
513|3642010250|0||2023-04-21|овалі на памятники|3814563852|0|0
514|1834951265|0||2023-04-26|керамогранитние таблички|694662551|0|0
515|3282196640|0||2023-04-27|проявка|2354812086|0|0
516|3000304027|0||2023-04-29|vpn|2682486974|0|0
517|1565022904|0||2023-05-04|921|375556240|0|1
518|1565022904|0||2023-05-04|870|2518852625|0|2
519|1565022904|0||2023-05-04|862|2516752400|0|2
520|95811810|0||2023-05-04|холст|4234012233|0|65
521|1539680416|0||2023-05-08|Фото на скло|1174278985|0|0
522|1539680416|0||2023-05-08|скло|55183265|0|0
523|3282196640|0||2023-05-09|арестович|1119881870|0|0
524|95811810|0||2023-05-10|холст|4234012233|0|65
525|1571457139|0||2023-05-11|лидия|3920843662|0|0
526|1571457139|0||2023-05-11|кружка лидия|2809624385|0|0
527|1486555107|0||2023-05-16|табличка|3523605297|0|0
528|1565022904|0||2023-05-16|1025|337830096|0|1
529|2959976951|0||2023-05-16|шишкин|778437268|0|0
530|622495885|0||2023-05-23|чашка учителю|2842131048|0|0
531|1559847775|0||2023-05-23|чашка хамелеон|1694895922|0|1
532|1056182322|0||2023-05-24|холст|4234012233|0|65
533|1565118897|0||2023-05-25|таблички на хрест|3855883111|0|0
534|1540786932|0||2023-06-06|фото на керамограните|2781393411|0|0
535|1541602925|0||2023-06-12|табличк|2551956483|0|0
536|1541602925|0||2023-06-12|134|2539820050|0|4
537|3556853252|0||2023-06-13|размер футболок|3912845773|0|0
538|3556853252|0||2023-06-13|размер футболок|3912845773|65|0
539|1539680437|0||2023-06-17|печать на булитке|4253326209|0|0
540|1539680437|0||2023-06-17|Етикетка|427298928|0|0
541|1297557750|0||2023-06-18|табл|317416163|0|0
542|1297557750|0||2023-06-18|керам|828130754|0|41
543|783043299|0||2023-06-20|Блокнот|1834477848|0|0
544|1598257986|0||2023-06-27|пазл|2460511265|0|1
545|1598257986|0||2023-06-27|коробка|455897981|0|0
546|3116219052|0||2023-06-29|фоторамка|1161550239|0|7
547|3164823610|0||2023-06-29|instax|3534756457|0|0
548|3164823610|0||2023-06-29|ektar|2478912254|0|0
549|3164823610|0||2023-06-29|пленка|1238387432|0|1
550|786113971|0||2023-06-29|катлог одеж|2845190227|0|0
551|1596960928|0||2023-07-17|фото на стекле|916745521|0|0
552|1596960928|0||2023-07-17|фото на стекле на памятник|3427261892|0|0
553|1539680437|0||2023-07-20|149-С|488797424|0|3
554|1539680420|0||2023-07-24|149-С|488797424|0|3
555|1571440024|0||2023-07-25|Поиск по сайту...|671010925|0|0
556|1539680425|0||2023-07-31|149-С|488797424|0|3
557|95811810|0||2023-07-31|колаж на холсте|2870034712|0|0
558|95811810|0||2023-07-31|коллаж|3420920114|0|120
559|1299771537|0||2023-08-03|таблички|4211473045|0|0
560|95811810|0||2023-08-10|визитки|3154145616|0|0
561|2372503180|0||2023-08-12|таблич|2403703708|0|0
562|529534143|0||2023-08-16|пленка|2533290420|0|1
563|1541144270|0||2023-08-19|фон|2553475659|0|6
564|1541144270|0||2023-08-19|керамограніт|3358625624|0|0
565|1541144270|0||2023-08-19|керамограніт|3358625624|66|0
566|95811810|0||2023-09-05|визитки|3154145616|0|0
567|786113971|0||2023-09-05|каталог одежды|444072877|0|0
568|1565022904|0||2023-09-19|супер босс|2446769463|0|0
569|1565022904|0||2023-09-19|super|2447465212|0|1
570|1565022904|0||2023-09-25|089-3|500345048|0|0
571|1565022904|0||2023-09-25|089|388146197|0|0
572|3164820099|0||2023-09-26|на вино|229047655|0|0
573|3164820099|0||2023-09-26|на вино|229047655|65|0
574|3244961990|0||2023-09-29|ВОЕННЫЕ ФОРМЫ|3059185604|0|0
575|3272868978|0||2023-10-01|открытки ручной работы|2643512021|0|0
576|1534825996|0||2023-10-04|а4|2332065811|0|4
577|1534825996|0||2023-10-04|гринкарта|3585856691|0|0
578|1299182617|0||2023-10-04|фотокерамика|786630639|0|0
579|2960351957|0||2023-10-08|на диске|1455285601|0|0
580|2960351890|0||2023-10-11|cd|478270600|0|0
581|2960351890|0||2023-10-11|диск|2198511598|0|0
582|3256872346|0||2023-10-23|саша|3687009261|0|2
583|3256872346|0||2023-10-23|саша|3687009261|81|0
584|1539680427|0||2023-10-30|диск|2198511598|0|0
585|1539680427|0||2023-10-30|CD|411128968|0|0
586|1539680417|0||2023-11-04|диск|2198511598|0|0
587|522338596|0||2023-11-05|одяг|1932597634|0|0
588|522338596|0||2023-11-05|одежда|2724135060|0|0
589|3257268235|0||2023-11-08|КОЛЬОРОВИЙ ДРУК|1570615521|0|0
590|1841682974|0||2023-11-08|кантува|3953503566|0|0
591|1841682974|0||2023-11-08|кант|313122720|0|18
592|2960506557|0||2023-11-20|календар|2856558879|0|2
593|2960506557|0||2023-11-20|ручки|3926238529|0|0
594|2960506557|0||2023-11-20|ручка|1308983777|0|0
595|1604200102|0||2023-11-20|брейгель|312277801|0|0
596|1565022904|0||2023-11-21|4д|2543927378|0|1
597|781668422|0||2023-11-21|каталог мужской|1692841341|0|0
598|1045476011|0||2023-11-22|фотоальбом|865762374|0|0
