536|21
536|424
869|885
874|885
876|885
880|885
892|885
893|885
897|885
898|885
899|885
901|885
916|885
919|885
920|885
927|885
929|885
930|885
942|885
945|885
946|885
949|885
952|885
956|885
959|885
960|885
962|885
963|885
967|885
969|885
970|885
971|885
972|885
973|885
974|885
975|885
976|885
977|885
979|885
980|885
983|885
984|885
985|885
986|885
987|885
990|885
991|885
992|885
993|885
994|885
995|885
996|885
997|885
998|885
1000|885
1001|885
1002|885
1003|885
1004|885
1006|885
1008|885
1009|885
1010|885
1012|885
1013|885
1016|885
1019|885
1021|885
1023|885
1025|885
1028|885
1029|885
1030|885
1033|885
1035|885
1037|885
1042|885
1043|885
1047|885
1048|885
1049|885
1051|885
1052|885
1053|885
1055|885
1056|885
1057|885
1058|885
1059|885
1060|885
1062|885
1063|885
1065|885
1066|885
1069|885
1070|885
1071|885
1072|885
1073|885
1074|885
1075|885
1076|885
1077|885
1078|885
1079|885
1080|885
1081|885
1082|885
1084|885
1085|885
1086|885
1087|885
1088|885
1089|885
1090|885
1091|885
1092|885
1093|885
1094|885
1095|885
1096|885
1097|885
1098|885
1099|885
1100|885
1101|885
1102|885
1103|885
1104|885
1105|885
1106|885
1107|885
1108|885
1109|885
1110|885
1111|885
1112|885
1113|885
1114|885
1115|885
1116|885
1117|885
1118|885
1119|885
1120|885
1121|885
1122|885
1123|885
1124|885
1125|885
1126|885
1127|885
1128|885
1129|885
1130|885
1131|885
1132|885
1133|885
1134|885
1135|885
1136|885
1137|885
1138|885
1139|885
1140|885
1141|885
1142|885
1143|885
1144|885
1145|885
1146|885
1147|885
1148|885
1149|885
1150|885
1151|885
1152|885
1153|885
1154|885
1155|885
1156|885
1157|885
1158|885
1159|885
1160|885
1161|885
1162|885
1163|885
1164|885
1165|885
1166|885
1167|885
1168|885
1169|885
1170|885
1171|885
1172|885
1173|885
1174|885
1175|885
1176|885
1177|885
1178|885
1179|885
1180|885
1181|885
1182|885
1183|885
1184|885
1185|885
1186|885
1187|885
1188|885
1189|885
1190|885
1191|885
1192|885
1193|885
1194|885
1195|885
1196|885
1197|885
1198|885
1199|885
1200|885
1201|885
1202|885
1203|885
1204|885
1205|885
1206|885
1207|885
1208|885
1209|885
1210|885
1211|885
1212|885
1213|885
1214|885
1215|885
1216|885
1217|885
1218|885
1219|885
1220|885
1221|885
1222|885
1223|885
1224|885
1225|885
1226|885
1227|885
1228|885
1229|885
1230|885
1232|885
1233|885
1234|885
1235|885
1236|885
1237|885
1238|885
1239|885
1240|885
1241|885
1242|885
1243|885
1244|885
1245|885
1246|885
1247|885
1248|885
1249|885
1250|885
1251|885
1252|885
1253|885
1254|885
1255|885
1256|885
1257|885
1258|885
1259|885
1260|885
1261|885
1262|885
1264|885
1265|885
1266|885
1267|885
1268|885
1269|885
1270|885
1271|885
1272|885
1273|885
1274|885
1275|885
1276|885
1277|885
1278|885
1279|885
1280|885
1281|885
1282|885
1283|885
1284|885
1285|885
1286|885
1287|885
1288|885
1289|885
1290|885
1291|885
1292|885
1293|885
1294|885
1295|885
1296|885
1298|885
1299|885
1300|885
1301|885
1302|885
1304|885
1306|885
1307|885
1308|885
1309|885
1310|885
1311|885
1312|885
1313|885
1314|885
1315|885
1316|885
1317|885
1318|885
1319|885
1320|885
1321|885
1322|885
1323|885
1324|885
1325|885
1326|885
1327|885
1328|885
1329|885
1330|885
1331|885
1332|885
1333|885
1336|885
1337|885
1338|885
1339|885
1340|885
1341|885
1342|885
1343|885
1344|885
1345|885
1346|885
1347|885
1348|885
1349|885
1350|885
1351|885
1352|885
1353|885
1354|885
1355|885
1356|885
1357|885
1358|885
1359|885
1360|885
1361|885
1362|885
1363|885
1364|885
1365|885
1366|885
1367|885
1368|885
1369|885
1370|885
1371|885
1372|885
1373|885
1374|885
1375|885
1376|885
1377|885
1378|885
1379|885
1380|885
1381|885
1382|885
1383|885
1384|885
1385|885
1386|885
1387|885
1388|885
1389|885
1390|885
1391|885
1392|885
1393|885
1394|885
1395|885
1396|885
1397|885
1398|885
1399|885
1400|885
1403|885
1405|885
1406|885
1409|885
1413|885
1415|885
1416|885
1417|885
1418|885
1421|885
1422|885
1423|885
1425|885
1426|885
1428|885
1430|885
1431|885
1432|885
1434|885
1435|885
1436|885
1437|885
1438|885
1439|885
1440|885
1441|885
1443|885
1445|885
1446|885
1447|885
1448|885
1449|885
1450|885
1451|885
1452|885
1453|885
1454|885
1455|885
1458|885
1459|885
1460|885
1462|885
1464|885
1466|885
1467|885
1468|885
1469|885
1470|885
1471|885
1472|885
1473|885
1474|885
1475|885
1476|885
1477|885
1478|885
1479|885
1480|885
1481|885
1482|885
1483|885
1485|885
1486|885
1487|885
1488|885
1489|885
1491|885
1492|885
1493|885
1494|885
1495|885
1496|885
1497|885
1498|885
1499|885
1500|885
1501|885
1502|885
1503|885
1504|885
1505|885
1506|885
1507|885
1508|885
1509|885
1510|885
1511|885
1512|885
1513|885
1515|885
1516|885
